log; 0, 0; 80, 1080;
log;1840, 0; 80, 1080;
log2; 950, 950; 100,130;
logsideways; 1050, 950; 200,50;
leaf; 1050, 1000; 50,50;
trap; 80, 1080; 1760, 10;
log; 1250, 800; 50, 200;
leaf; 1200, 850; 50,50;
leaf; 1150, 900; 100,50;
log; 500, 400; 100, 680;
logsideways; 80, 150; 200,50;
log; 230, 200; 50, 100;
log; 230,100; 50, 50;
goal; 80, 95, ; 0, 0
logsideways; 700, 950; 250,50;
logsideways; 1600, 750; 240,50;
leaf; 1550, 750; 50,50;
leaf; 1600, 800; 100,50;
leaf; 1650,700;50,50;
logsideways; 1700, 470; 140,50;
log; 730,1000;50,50;
log; 850,900;50,50;
leaf; 280, 250; 50,50;
leaf; 230, 300; 100,50;
logsideways; 600, 500; 250,50;
log2;950, 400;100, 450;
logsideways;1050, 400;300, 50;
leaf; 1350, 400; 100,50;
logsideways;80, 700;150, 50;
logsideways;350, 600;150, 50;
leaf; 80, 650; 50,50;
leaf; 130, 750; 100,50;
leaf; 600, 450; 100, 50
leaf; 80, 200; 100, 50
leaf; 180, 200; 50,100
leaf; 780, 1000; 170, 50
leaf; 1050, 450; 100, 200
leaf; 1150, 450; 100, 50
leaf; 1250, 450; 100, 50
logsideways; 800, 700; 150, 50
leaf; 800, 650; 100, 50
leaf; 750, 700; 50, 50
leaf; 850, 750; 100, 50
leaf; 350, 650; 150, 50
leaf; 300, 600; 50, 50
leaf; 450, 550; 50, 50
leaf; 600, 550; 150, 50
log; 0, -300; 80, 300