log; 0, 0; 80, 1080;
log; 1840, 0; 80, 1080;
logsideways; 200, 950; 200, 50;
log; 400, 900; 50, 100;
leaf; 450, 900; 50, 50;
logsideways; 600, 850; 200, 50;
log; 800, 800; 50, 100;
leaf; 850, 800; 100, 50;
logsideways; 1000, 750; 250, 50;
leaf; 1250, 750; 50, 50;
log; 1300, 700; 50, 100;
leaf; 1350, 700; 50, 50;
logsideways; 1500, 650; 250, 50;
leaf; 1750, 650; 50, 50;
log; 1800, 600; 50, 100;
leaf; 1850, 600; 50, 50;
trap; 80, 1080; 1760, 10;
log; 900, 500; 50, 200;
logsideways; 950, 500; 300, 50;
leaf; 1250, 500; 100, 50;
log; 1300, 450; 50, 100;
leaf; 1350, 450; 50, 50;
logsideways; 1500, 400; 250, 50;
leaf; 1750, 400; 50, 50;
goal; 1700, 350; 0, 0;
logsideways; 500, 300; 250, 50;
leaf; 750, 300; 50, 50;
log; 800, 250; 50, 100;
leaf; 850, 250; 100, 50;
logsideways; 1000, 200; 250, 50;
leaf; 1250, 200; 50, 50;
log; 1300, 150; 50, 100;
leaf; 1350, 150; 50, 50;
logsideways; 900, 950; 100, 50;
